
2018 Apr 16      72           5          2
2018 Apr 17      72           5          2
2018 Apr 18      72           5          2
2018 Apr 19      72          12          4
2018 Apr 20      72          10          4
2018 Apr 21      72           5          2
2018 Apr 22      72           5          2
2018 Apr 23      69           5          2
2018 Apr 24      69           5          2
2018 Apr 25      69           5          2
2018 Apr 26      69           5          2
2018 Apr 27      69           5          2
2018 Apr 28      69           5          2
2018 Apr 29      69           5          2
2018 Apr 30      69           5          2
2018 May 01      69           5          2
2018 May 02      69           5          2
2018 May 03      69           5          2
2018 May 04      69           5          2
2018 May 05      69           5          2
2018 May 06      70          10          4
2018 May 07      70          15          4
2018 May 08      70          15          4
2018 May 09      70          10          4
2018 May 10      70          10          4
2018 May 11      70           5          2
2018 May 12      70           5          2
